,0,sektor,year
0,26712,IT,2007
1,24882,Engineering,2007
2,30509,Management,2007
3,78377,Trade,2007
4,61768,Industry,2007
5,32061,Sales,2007
6,50170,Teaching,2007
7,67563,Office work,2007
8,54341,Social,2007
9,30713,Other,2007
10,23228,IT,2008
11,19379,Engineering,2008
12,26578,Management,2008
13,60958,Trade,2008
14,42181,Industry,2008
15,25238,Sales,2008
16,46160,Teaching,2008
17,56850,Office work,2008
18,47502,Social,2008
19,26129,Other,2008
20,10139,IT,2009
21,8646,Engineering,2009
22,14998,Management,2009
23,32257,Trade,2009
24,12337,Industry,2009
25,14089,Sales,2009
26,31884,Teaching,2009
27,28312,Office work,2009
28,32775,Social,2009
29,16159,Other,2009
30,16410,IT,2010
31,12149,Engineering,2010
32,20361,Management,2010
33,32270,Trade,2010
34,13829,Industry,2010
35,19209,Sales,2010
36,26822,Teaching,2010
37,30963,Office work,2010
38,23503,Social,2010
39,21597,Other,2010
40,19111,IT,2011
41,15919,Engineering,2011
42,21305,Management,2011
43,31149,Trade,2011
44,18712,Industry,2011
45,22057,Sales,2011
46,23903,Teaching,2011
47,32495,Office work,2011
48,24666,Social,2011
49,29858,Other,2011
50,21585,IT,2012
51,18889,Engineering,2012
52,20935,Management,2012
53,34221,Trade,2012
54,21707,Industry,2012
55,26575,Sales,2012
56,30577,Teaching,2012
57,35717,Office work,2012
58,34654,Social,2012
59,32156,Other,2012
60,21445,IT,2013
61,16742,Engineering,2013
62,20890,Management,2013
63,31696,Trade,2013
64,20167,Industry,2013
65,22353,Sales,2013
66,32164,Teaching,2013
67,34561,Office work,2013
68,35934,Social,2013
69,33351,Other,2013
70,22318,IT,2014
71,19779,Engineering,2014
72,23617,Management,2014
73,33563,Trade,2014
74,22712,Industry,2014
75,25320,Sales,2014
76,41043,Teaching,2014
77,41086,Office work,2014
78,41583,Social,2014
79,35935,Other,2014
80,42310,IT,2015
81,20287,Engineering,2015
82,27182,Management,2015
83,36368,Trade,2015
84,26500,Industry,2015
85,36370,Sales,2015
86,58487,Teaching,2015
87,47733,Office work,2015
88,42622,Social,2015
89,37541,Other,2015
90,30070,IT,2016
91,18791,Engineering,2016
92,26658,Management,2016
93,39955,Trade,2016
94,30285,Industry,2016
95,27524,Sales,2016
96,42191,Teaching,2016
97,49291,Office work,2016
98,44344,Social,2016
99,28553,Other,2016
100,27830,IT,2017
101,19451,Engineering,2017
102,27230,Management,2017
103,38946,Trade,2017
104,30629,Industry,2017
105,26153,Sales,2017
106,43176,Teaching,2017
107,47363,Office work,2017
108,45693,Social,2017
109,29951,Other,2017
