,Unnamed: 0,0,year,sektor
0,0,26712,2007,it
1,1,24882,2007,ingenioer
2,2,30509,2007,ledelse
3,3,78377,2007,handel
4,4,61768,2007,industri
5,5,32061,2007,salg
6,6,50170,2007,undervisning
7,7,67563,2007,kontor
8,8,54341,2007,social
9,9,30713,2007,oevrige
10,10,23228,2008,it
11,11,19379,2008,ingenioer
12,12,26578,2008,ledelse
13,13,60958,2008,handel
14,14,42181,2008,industri
15,15,25238,2008,salg
16,16,46160,2008,undervisning
17,17,56850,2008,kontor
18,18,47502,2008,social
19,19,26129,2008,oevrige
20,20,10139,2009,it
21,21,8646,2009,ingenioer
22,22,14998,2009,ledelse
23,23,32257,2009,handel
24,24,12337,2009,industri
25,25,14089,2009,salg
26,26,31884,2009,undervisning
27,27,28312,2009,kontor
28,28,32775,2009,social
29,29,16159,2009,oevrige
30,30,16410,2010,it
31,31,12149,2010,ingenioer
32,32,20361,2010,ledelse
33,33,32270,2010,handel
34,34,13829,2010,industri
35,35,19209,2010,salg
36,36,26822,2010,undervisning
37,37,30963,2010,kontor
38,38,23503,2010,social
39,39,21597,2010,oevrige
40,40,19111,2011,it
41,41,15919,2011,ingenioer
42,42,21305,2011,ledelse
43,43,31149,2011,handel
44,44,18712,2011,industri
45,45,22057,2011,salg
46,46,23903,2011,undervisning
47,47,32495,2011,kontor
48,48,24666,2011,social
49,49,29858,2011,oevrige
50,50,21585,2012,it
51,51,18889,2012,ingenioer
52,52,20935,2012,ledelse
53,53,34221,2012,handel
54,54,21707,2012,industri
55,55,26575,2012,salg
56,56,30577,2012,undervisning
57,57,35717,2012,kontor
58,58,34654,2012,social
59,59,32156,2012,oevrige
60,60,21445,2013,it
61,61,16742,2013,ingenioer
62,62,20890,2013,ledelse
63,63,31696,2013,handel
64,64,20167,2013,industri
65,65,22353,2013,salg
66,66,32164,2013,undervisning
67,67,34561,2013,kontor
68,68,35934,2013,social
69,69,33351,2013,oevrige
70,70,22318,2014,it
71,71,19779,2014,ingenioer
72,72,23617,2014,ledelse
73,73,33563,2014,handel
74,74,22712,2014,industri
75,75,25320,2014,salg
76,76,41043,2014,undervisning
77,77,41086,2014,kontor
78,78,41583,2014,social
79,79,35935,2014,oevrige
80,80,42310,2015,it
81,81,20287,2015,ingenioer
82,82,27182,2015,ledelse
83,83,36368,2015,handel
84,84,26500,2015,industri
85,85,36370,2015,salg
86,86,58487,2015,undervisning
87,87,47733,2015,kontor
88,88,42622,2015,social
89,89,37541,2015,oevrige
90,90,30070,2016,it
91,91,18791,2016,ingenioer
92,92,26658,2016,ledelse
93,93,39955,2016,handel
94,94,30285,2016,industri
95,95,27524,2016,salg
96,96,42191,2016,undervisning
97,97,49291,2016,kontor
98,98,44344,2016,social
99,99,28553,2016,oevrige
100,100,27830,2017,it
101,101,19451,2017,ingenioer
102,102,27230,2017,ledelse
103,103,38946,2017,handel
104,104,30629,2017,industri
105,105,26153,2017,salg
106,106,43176,2017,undervisning
107,107,47363,2017,kontor
108,108,45693,2017,social
109,109,29951,2017,oevrige
