,0
0,26712
1,24882
2,30509
3,78377
4,61768
5,32061
6,50170
7,67563
8,54341
9,30713
10,23228
11,19379
12,26578
13,60958
14,42181
15,25238
16,46160
17,56850
18,47502
19,26129
20,10139
21,8646
22,14998
23,32257
24,12337
25,14089
26,31884
27,28312
28,32775
29,16159
30,16410
31,12149
32,20361
33,32270
34,13829
35,19209
36,26822
37,30963
38,23503
39,21597
40,19111
41,15919
42,21305
43,31149
44,18712
45,22057
46,23903
47,32495
48,24666
49,29858
50,21585
51,18889
52,20935
53,34221
54,21707
55,26575
56,30577
57,35717
58,34654
59,32156
60,21445
61,16742
62,20890
63,31696
64,20167
65,22353
66,32164
67,34561
68,35934
69,33351
70,22318
71,19779
72,23617
73,33563
74,22712
75,25320
76,41043
77,41086
78,41583
79,35935
80,42310
81,20287
82,27182
83,36368
84,26500
85,36370
86,58487
87,47733
88,42622
89,37541
90,30070
91,18791
92,26658
93,39955
94,30285
95,27524
96,42191
97,49291
98,44344
99,28553
100,27830
101,19451
102,27230
103,38946
104,30629
105,26153
106,43176
107,47363
108,45693
109,29951
